TotalErros, M.Erro, T.Tokens, FlashScore, M.Palavras, T.Correcoes, M.Correcoes, SentencaGrande, 
36, 0.0, 462, 112.0466847753525, 51.0, 44, 0.0, 8, 
20, 0.0, 540, 104.44835420608521, 51.0, 115, 0.0, 10, 
127, 0.0, 603, 116.01346956253053, 51.0, 152, 0.0, 8, 
-1, -1.0, -1, -1.0, -1.0, -1, -1.0, -1, 
11, 0.0, 325, 87.81647156238557, 52.0, 185, 0.0, 6, 
3, 0.0, 258, 101.63647540569306, 52.0, 193, 0.0, 7, 
23, 0.0, 567, 110.85793317317965, 51.0, 241, 0.0, 10, 
12, 0.0, 348, 122.99714318275453, 51.0, 263, 0.0, 5, 
6, 0.0, 280, 90.06272719860078, 53.0, 288, 1.0, 5, 
106, 0.0, 673, 121.63623882293703, 50.0, 356, 0.0, 4, 
30, 0.0, 524, 88.59492071628571, 51.0, 403, 0.0, 6, 
68, 0.0, 500, 118.56891437530518, 51.0, 445, 0.0, 12, 
44, 0.0, 1457, 166.58430020570756, 47.0, 846, 0.0, 12, 
8, 0.0, 353, 69.5759338474274, 53.0, 859, 2.0, 9, 
19, 0.0, 234, 89.35355263710025, 52.0, 880, 3.0, 6, 
56, 0.0, 787, 112.86387082099915, 50.0, 988, 1.0, 18, 
8, 0.0, 407, 99.25570462703706, 53.0, 1005, 2.0, 7, 
7, 0.0, 333, 81.72635849475861, 52.0, 1042, 3.0, 5, 
